# oST version 5.0 parameters


[image]

width
1280

height
1024

[narrow_stereo/left]

camera matrix
1559.422685 0.000000 646.314886
0.000000 1557.849233 506.417930
0.000000 0.000000 1.000000

distortion
-0.069016 0.180553 0.001161 -0.001547 0.000000

rectification
0.999343 -0.004016 -0.036027
0.004046 0.999992 0.000774
0.036023 -0.000920 0.999351

projection
1599.174524 0.000000 721.303368 0.000000
0.000000 1599.174524 512.924110 0.000000
0.000000 0.000000 1.000000 0.000000
# oST version 5.0 parameters


[image]

width
1280

height
1024

[narrow_stereo/right]

camera matrix
1564.684255 0.000000 665.388853
0.000000 1564.865169 517.842640
0.000000 0.000000 1.000000

distortion
-0.086283 0.203826 0.000558 0.001313 0.000000

rectification
0.999361 -0.001575 -0.035708
0.001545 0.999998 -0.000875
0.035709 0.000819 0.999362

projection
1599.174524 0.000000 721.303368 -98.288229
0.000000 1599.174524 512.924110 0.000000
0.000000 0.000000 1.000000 0.000000
