image_width: 1280
image_height: 1024
camera_name: narrow_stereo/right
camera_matrix:
  rows: 3
  cols: 3
  data: [1564.68426,    0.     ,  665.38885,
            0.     , 1564.86517,  517.84264,
            0.     ,    0.     ,    1.     ]
distortion_model: plumb_bob
distortion_coefficients:
  rows: 1
  cols: 5
  data: [-0.086283, 0.203826, 0.000558, 0.001313, 0.000000]
rectification_matrix:
  rows: 3
  cols: 3
  data: [ 0.99936103, -0.00157483, -0.03570791,
          0.00154458,  0.99999842, -0.00087483,
          0.03570924,  0.00081912,  0.99936189]
projection_matrix:
  rows: 3
  cols: 4
  data: [1599.17452,    0.     ,  721.30337,  -98.28823,
            0.     , 1599.17452,  512.92411,    0.     ,
            0.     ,    0.     ,    1.     ,    0.     ]
