# oST version 5.0 parameters


[image]

width
640

height
480

[narrow_stereo/left]

camera matrix
9089.266364 0.000000 319.946133
0.000000 9036.393368 239.720000
0.000000 0.000000 1.000000

distortion
-2.756040 1394.257627 -0.015377 0.009765 0.000000

rectification
0.125337 -0.012772 0.992032
0.009660 0.999885 0.011653
-0.992067 0.008123 0.125446

projection
14018.099172 0.000000 -86466.355957 0.000000
0.000000 14018.099172 -838.485268 0.000000
0.000000 0.000000 1.000000 0.000000
# oST version 5.0 parameters


[image]

width
640

height
480

[narrow_stereo/right]

camera matrix
8523.166593 0.000000 317.902956
0.000000 8476.081724 239.723638
0.000000 0.000000 1.000000

distortion
-0.362502 77.117663 0.000111 -0.003594 0.000000

rectification
0.102143 -0.014531 0.994664
0.017683 0.999762 0.012789
-0.994613 0.016283 0.102375

projection
14018.099172 0.000000 -86466.355957 -3898.662727
0.000000 14018.099172 -838.485268 0.000000
0.000000 0.000000 1.000000 0.000000
