# oST version 5.0 parameters


[image]

width
1280

height
1024

[narrow_stereo/left]

camera matrix
13670.028449 0.000000 670.607118
0.000000 13851.921309 508.016297
0.000000 0.000000 1.000000

distortion
-4.236920 779.074263 0.033737 0.048522 0.000000

rectification
0.181434 0.011525 0.983336
-0.022365 0.999721 -0.007590
-0.983149 -0.020615 0.181641

projection
17763.955056 0.000000 -72631.479004 0.000000
0.000000 17763.955056 1132.540802 0.000000
0.000000 0.000000 1.000000 0.000000
# oST version 5.0 parameters


[image]

width
1280

height
1024

[narrow_stereo/right]

camera matrix
11655.159148 0.000000 802.369829
0.000000 11608.275898 186.279716
0.000000 0.000000 1.000000

distortion
1.925656 -150.580761 -0.010597 0.034704 0.000000

rectification
0.170963 0.042037 0.984380
-0.031134 0.998821 -0.037247
-0.984785 -0.024280 0.172070

projection
17763.955056 0.000000 -72631.479004 -30335.476266
0.000000 17763.955056 1132.540802 0.000000
0.000000 0.000000 1.000000 0.000000
