# oST version 5.0 parameters


[image]

width
640

height
480

[narrow_stereo/left]

camera matrix
1657.458455 0.000000 420.980742
0.000000 1662.576481 390.788312
0.000000 0.000000 1.000000

distortion
-0.206159 2.936104 -0.024090 -0.042432 0.000000

rectification
0.903479 0.003997 -0.428613
-0.008307 0.999932 -0.008186
0.428551 0.010956 0.903451

projection
1939.114135 0.000000 1234.096222 0.000000
0.000000 1939.114135 409.357553 0.000000
0.000000 0.000000 1.000000 0.000000
# oST version 5.0 parameters


[image]

width
640

height
480

[narrow_stereo/right]

camera matrix
1605.281795 0.000000 442.313619
0.000000 1595.316394 404.534751
0.000000 0.000000 1.000000

distortion
-0.038406 1.116608 -0.013060 -0.037992 0.000000

rectification
0.912672 0.009521 -0.408583
-0.005422 0.999923 0.011190
0.408658 -0.007998 0.912653

projection
1939.114135 0.000000 1234.096222 127.153313
0.000000 1939.114135 409.357553 0.000000
0.000000 0.000000 1.000000 0.000000
